[{
  "id": 44350,
  "content": "000000101000000003",
  "width": 5.7890625,
  "height": 16.5,
  "x": 114,
  "y": 707
}, {
  "id": 43715,
  "content": "",
  "width": 5.7890625,
  "height": 16.5,
  "x": 114,
  "y": 707
}
]